2000
-440375882 417158983 486033442 523252353
704166348 181394876 949872029 608207470
-83905833 -418202936 413243998 753947654
-49753844 149674337 148109045 775491690
-997071806 -863854787 -287820292 -157953046
-763091452 -812477245 430215191 -198527250
-16498954 -876275126 464444496 432677345
-30034531 -596017237 729566690 -573455438
-422426895 -890929288 -135982079 -585752526
-852866343 -499798052 -515511812 634575121
-468732307 -646071944 -146210920 132607828
841269476 269872950 920728369 973491652
-524642331 -841927632 583763921 14202533
115622111 -283606856 842226554 648831407
-602400685 -596552025 -236945104 881804947
-461036935 -173669496 -459360663 772528347
129579428 -963457487 314339197 -46389708
-709271050 -779359426 -208747901 -519264585
-918361705 -351883748 694425096 901470595
-34642022 -585676191 26905401 946917245
73567002 -774311434 983609604 -246686174
-903419766 52786814 734801324 503611456
-103015220 -296192694 892612943 -127464159
39049278 -656637049 607465717 846976998
265125511 -791570737 684667101 919130980
-324163754 189346633 67924077 522754006
-565871168 -195025381 228076081 601933386
-587367053 242817422 907554845 989890161
-585868242 79693300 96095039 511844236
620574426 -752017032 688381431 282905327
-733054854 746192204 196509473 914892312
-532868597 77460012 -325147473 501271216
-970761639 141170900 -790102183 442802513
109549479 -301965710 841974228 342036001
-283873135 207374733 410124606 929168447
-24126612 -661066259 168848142 -64285539
-261089096 347963821 875140636 982445969
-928812021 -232406365 -151214225 -58949978
-943992003 -748747864 82459593 464987736
-868168366 -95013031 -230463522 103414993
557900676 -24319919 890834307 160439668
-573499406 712060647 340783673 843248368
-318689897 -469754908 192178587 756720815
-862175577 -983552396 180345089 204005594
317275027 246879465 347221213 684902859
-969811931 -632610539 664773731 807720346
14734438 -509394879 270958414 879716485
56441886 -747852034 358601207 -495834728
-277260090 -263249054 -183330778 -133367344
-604004237 734550122 241860873 982687149
-333666540 -39762926 198668941 987835307
-822449802 -163158398 -819186481 198194160
278719219 -323324278 428961320 -128775942
-80811712 -637963531 545896882 -51372592
-888632741 829970123 92711914 966893663
190275286 -579683127 862028259 205859864
-395010356 315350517 480705005 820269433
9565765 -617152381 536991189 -282752147
-445215726 -801193966 310964843 123425048
497907446 -257746028 972518058 142003150
-985740676 28007920 -948486694 76501055
427965356 -917117239 990678577 -738972542
-250296722 -516081097 663796928 -330577648
-496942088 170271920 219345473 855077300
-920815999 -951363477 -368952796 30440270
-735190618 -751214052 -38074462 146895806
264802806 -826010527 515001844 -185095806
82603843 157840300 936584535 472973854
-929144201 -616906410 -625173029 825731980
-578880839 -987032878 -317198096 397538852
-785427006 -603811300 -614409182 512588411
-50988235 546838431 118978410 695956902
-904430750 83158598 -174242420 719867892
-854122136 -251171256 -554773129 -124866096
-900017921 -298156006 910322255 689240491
-378852265 292725820 277753114 937429658
-486768443 -417704977 -290939697 321548328
-484644606 360652368 431608783 365702705
-959487846 -885192722 -506178812 749549914
-603891976 -309753927 -191630672 110379971
-342771698 337989254 -137180196 421872037
188934724 -432378207 903419732 619393040
-846302440 212097971 596739372 394216626
-889501792 -795712816 14092036 265134733
-452669101 -609902871 -427150151 142564269
-102497313 -475994810 519267904 172061677
-736658914 -445863934 75932674 -135600407
-905553515 -149182829 861921530 459023279
-331323778 -442629703 -205767390 -196413941
-661276355 -863677680 -507757037 139820410
-882879449 -391946984 -313834554 535338367
-545382725 -50867856 840944443 719006272
-930047109 -7799272 -431943002 718133115
-848557298 -220604128 -666742519 573810360
164467413 -622419646 194138226 47650206
544687065 -609962949 640481170 218481976
54191303 -79033755 429053543 567637538
-375592222 576419827 329854597 706668296
477074251 -892990144 613775838 -48811340
-638759292 -876416611 -633021578 673154075
-765574251 -200781336 151665736 987322587
201408144 -602976939 211147901 -499610477
-860019829 -952160159 919683580 -863430312
-464492653 -253491592 266504745 23374649
111001368 315334670 961584676 836343433
-973380097 -73483061 340985194 213710315
-187959103 -214055594 314222825 772663996
-362547917 -314798431 201372095 559659094
-378789668 -626853660 829509354 -527022645
629589868 -310870438 795069106 277049919
-774442566 -833404474 57142095 -497594179
-817212164 817523244 782021392 934330837
276099272 -441816008 285849847 668817385
-275425687 -860597986 90798138 -169139730
-112647979 -197691266 965976791 497178951
-720864200 496536787 218238068 700296935
-320762890 -905955467 413205843 579383858
-898732375 -736151574 979236770 665611041
-995058652 -990313772 -473196493 461955294
-940163801 -565299225 151352415 508920418
147082838 -716278316 371013618 -536607023
-830560365 725304327 550506376 903795490
-970157833 350479073 -463603623 733307800
-84471301 -598872148 -15345025 -459655142
-809958065 -977782082 138804329 -215768585
-834324249 -57747664 -71685852 24205978
-802854386 -545486392 101180045 189095635
-920618280 -921857690 795863199 533824198
-981106507 -547838849 -150569131 800638630
-780914415 -338352492 -610011104 479649855
176033867 6070532 803282095 66524940
-595679010 -897080939 187275307 847829836
-333691288 -555094918 769575834 -373205745
-995849736 326372843 289677532 931006528
-946384013 -830730409 -510730945 269870347
-243100196 -734856350 661520954 50355778
-655126080 -445823664 577564766 380698315
-221876797 -569714554 258060480 58213513
-326145330 -846096906 142477765 -15074175
572660496 -557215228 971326523 -499876073
-404339331 -410985261 433520879 -305911113
546315980 252380071 571334014 265744637
-879651272 -760330165 -65216451 -128082133
-430772318 -817065396 -286533169 515091954
338255362 -119666060 368682443 497812668
-573808558 159630342 304539034 863931382
-560446504 -795164043 401584995 690508214
-842744383 -842738639 -235810289 212070794
-670901034 -910656559 11172069 594821424
-242821769 -674537717 -62990612 -31608159
-291798355 449042296 -214913083 532840112
-316137109 -852351088 622842591 229423297
-575046623 -546758890 740837314 443521146
-928262845 296371177 -122744220 644692815
-968641780 92651875 266547819 466650798
-868843236 -393417263 115103599 -248928518
267572948 -649315537 576627585 -221226266
-989583873 -362396011 -70141877 360526406
-771363776 -981299926 812524821 -197746094
-849849630 -518264091 479477623 472174732
-857492362 -798075528 -165475188 -493246585
-309258194 3583013 61437345 549487868
-314649963 -756030321 -175817204 -76790475
249637496 -627899517 627534277 -627236912
-879412065 -3786789 24683198 281239837
964668247 258530287 980942970 546158012
-978132000 -910338026 936539821 -451524295
-548521384 -604196106 414723033 -572653320
-147386328 628780233 347617741 644394563
-924491960 549954635 436984206 878187994
693643646 -432105703 918270841 -281688831
346974789 -655071197 821208717 332251491
546024091 -53507239 564999306 232677167
-648541853 66617152 2532933 698651149
-776758247 40477783 -365820482 173072820
-344316040 -969325888 605366689 860003758
-18496875 -495661584 718924289 110976886
-682359630 -953351256 -121835344 -202465229
-364325770 24961044 233213256 77147159
-485013068 346706171 341399308 616307797
-908030666 257433989 448956623 422650957
-580799312 -251681089 -102669503 -125865443
299697567 -584755570 371754782 125324110
-178055953 -265604096 180259885 -182153581
-386546600 -179206291 107987658 -152076478
-449984336 115623737 275687263 637524782
-549651210 -679295111 -286986220 217156358
-542164241 -507072143 -4679740 716256349
-638529723 -470414145 662503211 175574058
-976894717 -390695354 918007471 913245516
-190544158 -109846898 83821992 554194668
-896446244 -896774304 -128140112 -299138701
605983553 -979560440 952600464 -919633638
-928288016 -600111525 538793687 -292224960
12897404 619163463 16114306 912738776
287701793 729298152 656722012 966994800
-471219876 -860785598 747222545 -748312406
-171322549 -999840896 914759251 -136060866
-544775697 -549508877 -339362149 904625915
-262252016 277862373 684988594 660502823
-410165571 -141810616 46447486 832384495
-686478983 479359497 281907376 524981018
-18608172 -458475786 777074520 760144112
-37893820 -407537810 944936069 944739482
-983646448 -745386264 -361671993 475609541
-243193905 660386892 126790656 848862769
-916876009 -844262106 868558965 -420719535
147879083 49699626 968858898 229396266
-118397505 -235741626 -35349438 94928232
212411372 -387507372 334355846 -48269103
-708660199 -479661045 -461689634 248664742
-146203085 -123244733 426336508 506197372
-437319554 -349830099 33001732 605590373
89798114 23271389 518681264 528229140
-780549377 -466367970 -656795824 282641072
-62881104 266837548 506603513 492123466
-576832268 -987118866 827238562 972834937
-431577506 17358184 75906233 137058214
-233798119 -157618811 792502834 630416810
327037349 -936778876 951156121 -605729784
-792160761 -48647719 587666727 362061742
-320841723 -603431988 -157938012 -480817949
-287269519 307843760 -186765952 463750450
-871625445 -140110652 241319418 78066986
-534662978 -9995694 118581451 825250996
-853692906 -483740765 548943774 137238422
-617703729 -84144411 214651825 626031216
626397748 -911506705 860598859 534462136
-387779905 -698694391 539085365 -212769994
-118803038 -327059624 676075878 856089130
-588811502 79312259 -180167132 297651544
-581322828 -25856285 718984606 62295462
-529723652 -532255059 697215300 -27443319
-875695965 -643953946 -248299259 305570401
-966250430 597926396 719822614 851455930
55735987 263677170 802121551 265462540
-51602375 911186245 190532825 981052780
-873452254 -467245057 -359700209 863012860
-887223419 -432988540 829195149 605178776
-436355388 159333370 884854733 748692133
230324104 -983270565 971053617 -975422965
-418331363 -603993681 906409726 880819518
-804375111 -122926506 551440668 70185118
-560636098 464368750 -471983900 822602318
-248751364 -410219648 29419703 12839018
-604341289 -892953046 695246925 -703167065
713576317 -811484411 797003005 -251270292
265109757 -591371247 471737012 300938940
-206250644 18937776 499072986 133237846
442963743 -268497130 987086742 220532904
-866151173 -8258074 866345576 248790481
408623506 -643818874 894231612 99177270
-710182247 576736558 -618174353 897905816
-908741173 -253855475 498894393 742276771
-272019741 -343610245 800810683 -138576158
-690297811 -834574460 223973944 660087842
-277937738 -582895739 -50291498 901170250
-561926104 39719424 160002446 905098976
-3125143 -352794622 244611319 497268975
238024554 -948457380 916307482 845254266
-817439399 -511007240 921533486 553939925
-768697003 562399573 249431286 611859732
-494392744 916980223 25553948 970853203
-113038903 -546626620 -53758152 290723590
-379292029 -664659266 683577640 957474055
-591282822 -272566249 378888914 269567264
-501957914 108424774 -392487455 633887815
320954378 -65412369 483593851 536982874
-878735271 -32942577 -58966589 -4648566
-684419152 -648593575 -192277400 -205542752
-895329931 543289332 -792730640 754774650
-88608018 -114739146 156000504 621956960
-791198924 -522443432 107873612 662847837
-900507212 115686408 -658641835 311470178
204630396 -633088488 347830969 284320276
243815186 288522183 627441440 732145686
442346586 -410799711 900547161 -239691882
-71112153 -368590186 -7811143 714756833
-478010511 790513967 581484123 830256761
-702806679 -366183988 251212795 701329345
-968838537 -968002481 933045982 -274921694
-542572028 -637076540 -417693534 490288829
51075701 -196602332 596428453 18903219
-52740343 239854711 693218654 670180670
679751690 -746125060 705920177 -43700772
-511074097 787511880 117873422 804652298
62241866 -976143706 577068707 -186571369
-244587250 -410171539 711604181 190318922
-187771627 -82664346 935738686 249504396
389623033 -558121543 936697017 74758942
-13465647 -674454013 403343472 431487600
-522405840 -566873768 88351466 423995501
-784157620 146450297 732360789 721139924
-10510377 -541856975 670165835 450164241
-999945039 -284913705 785799062 723902128
-647622446 -384675833 -566044269 662946312
44149207 176468242 252548058 642515290
456124016 -497550065 761762080 864328854
-371753398 -608086614 338060427 649841281
-720074509 -319132232 283329166 534297347
-398212443 -743668183 366163913 -673234362
-465950853 -720353668 990312131 968470756
-896528032 -688512649 -243837768 931429715
-532960398 -60239969 795749676 239133923
-950945148 -659047941 407102290 -505397985
-492794941 -692828943 541741879 -516784285
-522864810 729051306 945256088 733957912
-238695300 385695792 -14605317 932539662
375776600 -645159680 573479688 972607448
611281132 9663918 993506415 504363182
-881328838 -479314845 841600428 -38043672
-112002004 -503900872 919990621 905981348
-362566830 -890431932 280191626 589883232
297089419 -821164716 928509039 54828126
-414909640 313848322 912451157 388571092
-237504393 -324593356 466455923 -251698418
-134273871 155859075 379712008 432285510
-894821999 104278670 -312456740 510303385
-140932912 -896010882 261635426 -456136002
311651433 -451425515 784723634 98155445
-765608921 366480971 -442801535 559123562
-564881418 -374966108 895551806 -61369236
320302933 -568805338 430441221 583704650
360693904 365417952 926135279 495257347
-155235159 -214757593 995928475 -51757880
-880856065 -900682876 791011339 -665567117
211444138 -979655763 433920725 353668157
-923741743 -156893960 -473882505 693876114
-816318221 -146195778 857753001 800869189
-797156675 359732454 -60631144 571603354
-696772373 -389318027 113969459 888114463
429900281 376743149 924433776 768458091
-969380946 -293568051 -298036150 -111513635
169762888 328721934 536900230 779232584
424752025 -386997781 494201830 -269453200
-326915066 -992195158 526943272 -953751575
-509507334 -816273730 166278793 -309963554
-416246069 -466916078 -155706196 350406989
-154991303 -149766941 701902845 74416469
-837390911 -666568259 -469495211 -568462010
-31124488 -227167663 521878610 -160699369
-954492382 -373118721 -845118425 572025382
-155647458 406981989 509657975 471685292
-406404781 311192935 -321083904 314632920
226622497 -882221662 715472101 -352011585
-87412872 -843296217 465896486 -250460062
-917062328 -525286402 679755502 134297867
-443784538 -758633631 -180768955 -431609324
-122736006 -104983789 95483611 670847578
-566386970 162169843 410929388 222830231
586104812 -451573625 721539187 -324149744
-343202028 -683089106 226444777 261224404
249354504 408821921 736486841 967629815
-586350186 67273071 333627892 544755430
-731503859 -966696391 98248479 896427247
-27805746 -310473170 102473804 437595277
-544573086 -321520130 926986098 482755673
-798757565 107982948 -430256559 192263693
-190062575 -879002758 81911433 -531548041
-404053331 -790054544 -93201469 -675182967
532310763 -806254599 545642388 -508883317
180439665 -258829273 361418653 -206199745
-209150675 -476369610 608542694 -73531538
-102429305 -717528519 376953467 844137044
-902516405 -696036647 -89999734 -552632507
-573183951 -781779347 -210484191 -467738075
-547065960 -594960503 262856409 -473435146
141766700 37476564 222704911 940541416
515588112 -357212139 627554171 653659114
721250365 -263538391 815706399 562430835
59669192 -375326430 920848403 280900874
-753609853 247849286 -280673915 673987560
-83007781 -873720790 28348035 -202173228
-198246101 -897341276 943190096 108367955
164609719 522641233 183285073 816547680
427724446 -467298491 457223305 273482690
-804016643 -807110010 -29503953 132040912
-583548852 45062803 632937013 165555240
-622858497 191216275 194494672 356225379
544657329 187288438 910966955 794434222
-998885433 -242831021 306272359 673219711
-626170579 -890365765 -523806191 -887020070
227371426 172630773 356935374 929094384
16864785 -301843554 285287523 -206124887
-995740974 -852780210 -644553038 983354178
-308359856 -698329217 -240370454 800030270
719208668 -180512562 768417103 995442039
-897389506 -269512663 320409129 -210498624
-870057613 -381069785 -708881975 -246731247
-995249291 910473529 6408674 985076461
-899951471 -811072980 47109385 667079104
-713089832 -415843032 681493979 -382377711
-890077297 -255591160 576388587 141459361
-244296896 -59970069 -44394104 951798430
246339980 -606243544 281855143 922606781
58093553 -60747244 846080164 703110026
-476028672 -313905911 -301988805 647449498
-482769831 -639994360 836506093 387856167
346462402 -777262504 893475202 772076663
-160609293 242971869 758274344 785843191
134157287 -6385138 668993907 716401026
-917706983 107131165 -449207039 213507762
-341312123 -920570671 347731515 154893907
-498811702 -612514025 -368910552 804592422
-920185043 802623627 -528078495 862641216
650378059 -320358345 766158678 848137580
-765316654 628659483 350511862 728816470
-14290764 785756990 926408297 885323721
-946843479 -429197734 880408239 992278812
-44974766 -547986128 402675455 87841005
353167874 12930309 531364754 838624269
-16917835 -435789492 849245362 284748517
-947848006 -417845509 -78298746 -163991412
-772488292 144238323 151301322 362140651
-498437228 -662407137 499505890 194179413
-417102586 -267009650 571196911 841454888
90385618 258045945 321693519 974387098
-383751047 232266962 -361220915 348088326
-550755874 -139278788 383460305 119586254
380254218 -888336731 619026667 -845459589
-765643811 -183674591 -123723205 998133752
-556265772 -35383241 768794189 938813693
-593151645 -72986713 668092362 107352527
-171907237 -119100577 -157035273 -81343086
-916022465 -928376153 -608259778 -838346586
-633076935 -646668665 -130551926 76147882
-510615743 290883454 -45234722 873465964
184312230 732153127 844966787 918419827
335977439 42746252 736646839 911532445
-150922608 214676402 -105637141 877267630
598617380 -702093311 740025019 683994974
-992169098 -672955593 -666539886 371339227
74978788 -644662087 942969249 529583885
-810476989 -339781332 375695061 318957646
-549813047 117137344 603478066 578079074
-792597651 -416594342 -607780086 905179589
245462469 609003743 587114098 671694476
-464115997 -390927812 578618999 976858027
-554282844 445154509 271534639 896429431
-21180484 -942716022 820888106 -724214657
-319501786 -463577272 699090482 803772461
-436602359 296876423 -358222287 706299931
-363173191 -27180416 -236172942 930479288
-33548322 -737191324 998038183 412164695
-312930275 9744442 462862443 386629391
-745340721 368171682 1536542 889466890
-60130019 58100324 901961418 996215399
-114137330 211736232 194526847 504009154
-1839193 -328840949 871637337 -97461588
-298389286 227224138 102241164 733050424
-93993033 -889129409 -45822137 721683583
-856523595 127482774 144084980 142287001
291339542 -770101403 617654476 838416900
-320332213 -105356982 371070743 79203537
-196424716 -968827294 125239635 -604254081
-323360000 9047503 12027203 295513336
-695507078 -784387156 -254933418 -352117864
-536396917 -160496929 37726915 918972421
-841007332 149851053 -810365581 893321825
71073136 -383957393 638974303 482034275
-148169902 -519477431 951049734 991758407
-682269000 -758968279 -281767547 -629323484
-765297005 -20500034 877366220 893683599
-448813382 -904334317 -384566820 -218206974
-321409342 -73503326 319334876 466502755
22552151 632080825 935488880 668445858
-459687859 -986216983 408609097 827703747
184119952 825581173 889572003 854836445
-641387423 -986100711 890025949 -206099633
350521494 -628441456 787358663 -165425562
-778016381 20586785 270721506 442561719
-696996567 -278611267 -611885810 411074579
-558242099 -787652711 265812336 638564240
-35961758 -789711640 412304034 -240397820
-722685754 -315204725 532724417 103545544
-903029221 -622675618 -311875777 806120807
-790075646 -899197339 -590976525 -409886655
-553789800 -474401749 -479947749 -69901396
-199441999 -594872162 -18732903 322442607
-846689324 -889868209 -761537654 -768621750
-839003138 -588213492 -500633288 -199413277
-227527462 360055426 726481441 502970913
-559668266 -560911804 838981348 396663378
525934400 -239256295 902869475 -40619158
707950492 -797210501 997219387 241228871
206984560 100318367 644740618 203043663
-591350691 -824548971 926808592 -689962315
-998048428 319698925 794676981 676086639
-956927827 -30339098 -424630003 410698300
-588390572 -506447970 -335409486 992473240
-364701280 -957788706 620076021 -53789903
-510697239 -897516006 -87391153 -25925180
-901616266 -502152770 -534415096 -335410218
155170034 -503357682 527717799 -72655569
283673174 -863367640 986046125 240304880
-635614268 -889994746 -100094378 -864542735
-378263202 -116957862 209325193 517640130
-352645567 477515571 294416018 761150315
470288077 -227440704 510230666 449563909
-92971348 -838407708 193967495 -107448820
289524422 -789250605 937821417 672120910
261242279 -419370967 572743186 203269103
-805860260 -925374120 240666376 33546260
-633759740 -550311187 80015440 644721983
-252140686 -863773452 622570185 -112370119
312269286 767570005 404914125 778984796
-634121090 -802053009 77461182 -789049631
-782326419 -790260360 588201407 -256006054
-367005522 -232090435 730121128 -60474540
544511878 -624545416 858264078 210170023
-425493592 -624612832 261403816 957970830
5368882 -662627409 888026302 -412346664
-578307682 -733860888 -412113150 674414461
-965410249 123169135 -836616947 440387315
-463434586 -339701002 352460002 372287926
-901476448 71398867 -461160123 203205343
-208368088 -435607235 106133383 -254886776
-140137673 144881573 70962200 755458061
-986843290 -329404912 -97967389 870198729
-215460573 -738830744 158246415 -461185360
750428066 -757911268 827727898 841048249
-77436524 177051214 766751211 830562391
-218331814 -988129745 65648918 300197014
-432705253 -646888076 981213475 356306247
-328263084 -41128044 712742792 630840935
-669421722 500854350 -384502889 801478547
343820599 -921354813 551535526 633048219
-592394708 -565772382 912552444 606629780
-867627137 -815430028 433721683 -515950065
310335439 -992361403 920099833 -699213445
-251603996 -829362085 240794551 857874974
-506826097 -880666863 618681159 -426924506
-518427430 -850018457 527705232 505628920
501570603 826774970 691758359 944997738
19827525 655694940 413715653 801528644
-788265676 -79276512 148868028 5561619
72855031 206872735 749014677 345323728
-733645880 -269879258 -328950262 806851024
20706679 -889247856 966984698 103410244
-599022940 -357004868 970399234 550488607
-246659185 -932161175 415093531 -427039614
-794192105 294711418 237542925 561083642
-377882481 419149285 -136167745 943530932
609797926 145293147 808710889 768590149
732007533 -792765818 768425667 -553110134
-531280942 -671124016 -63352622 139909227
-577227056 -68555646 -110889171 187097040
-245538888 -994871420 218244974 -988654065
69625557 -691109723 700186565 -238732550
29176158 -877027460 697663753 -140494998
-459628503 -923743387 -102926731 916234327
-775722655 301056188 -708218721 351250085
-424824355 -920734865 452647555 810183518
-451066513 -42192686 300804579 352063747
-272160029 -634532010 144362997 994124859
-467060189 23557634 690245726 839738170
206581461 -585450855 990772009 278808355
-618475376 147390631 -198800132 446265614
-571786721 -37265907 89023217 257859480
-475748027 -642595789 687344160 581307663
-467828026 -832508404 56359142 -74925424
-922013792 -697399088 -603404018 -64474677
-843977365 307956946 -683419780 624252276
-540415819 87894491 694987508 615134726
-661029067 -482887802 -88633240 476352249
-983623842 302078565 169058921 462195575
-567863164 -373647994 781567998 868226606
-942501929 -234745577 -556709245 907939062
-186004642 -75837859 799654031 287329893
542906860 59687268 569215277 706387179
-90781703 -352705374 -30023654 271154973
-696858705 399046474 447242370 577853995
-532124874 -199395336 727668961 548879354
-414911331 -991103568 -79259997 160425606
-235361601 -552766035 82595980 862940313
-412397704 -985376882 769931912 -762182995
461396072 -812786837 614239460 884573691
-780821662 -532004764 -235695349 25616535
-773034357 319161515 583693162 961083585
-721252757 -878095725 627817736 964896731
664112067 -990621761 732116989 -435006469
-537419041 -769715915 141916913 -517548755
553826120 318204152 711651717 769731743
-463074874 465431122 635741567 532480666
-183469565 217136085 810222025 417921112
468848843 -854548559 891615425 -120620982
-700016225 -498594416 737180097 570754119
-132420835 -858610745 847827510 -192237844
-107611820 -534473215 494933814 -77755562
-751725155 114073923 79095506 115601712
-778066939 99954438 -438647923 246730650
432361009 224537856 785383746 873582563
293486199 -305759248 531459941 369931972
-867131289 -249987503 559050973 985481106
-492609073 -46097046 -395852648 231942925
-165705116 -767181376 438951092 -166922912
-444261770 -1099865 153683812 833647670
-170757919 -767388688 95818072 -718292927
-907161231 -112745731 325780990 713355162
-745391494 -817990262 637320706 583931813
-975517654 -685319197 683733406 -250357303
-317406893 18325173 18807107 44457632
695775042 -840084370 761822076 490994736
-32075547 -566410963 847916984 456511351
-518247424 -975818443 841748000 950934306
-377678140 -290633086 794757148 -149247604
-461134472 725094349 679857464 819632614
-394275078 -637425061 992678888 861881447
-804764108 538165169 -691965323 923037561
-524311206 283002503 286539424 465502567
645699722 214980551 911067777 378724349
518017473 -284240575 707778747 941479776
-917499868 -393330987 -241115134 813029003
376585732 -138286627 850689513 67067990
226269067 566028443 590587336 918689095
28286784 494786523 521585150 509381183
-938571422 -584804379 817458810 454153450
-715367643 -671147806 -164659066 134847815
424783752 -759536394 610225728 -693485979
-589911842 -790164690 625767600 224252616
-730097664 -183341607 -108960658 792713001
-747242148 -309848560 230027769 194948791
751989769 -450348692 887005112 -424783062
-654697142 209525517 -161729004 724877006
73106783 -868474302 310239795 826969420
-676158288 449398416 462607928 530741530
-547517026 115783620 825121035 700265361
-931771868 156439677 -447336328 421206971
-605533425 53640668 837004060 63588084
-465302623 -145381917 135319207 67476521
-912380989 685888445 57684629 740841890
-123855167 -387688969 802549335 795263526
-479913410 112147632 -97163603 883450279
-951003213 -895543502 -122089040 132278796
19004889 -798753275 838327992 -620113281
280779305 268019521 814377603 279056124
-127523119 588606859 -115861038 705592559
30876475 530640155 238559939 776603567
-951059066 -580216274 740686747 -347328623
287117848 -910682334 936699759 -304153426
-793900632 -192926239 202849814 915002924
459591848 -206957255 655986844 432784207
-457353172 -757818473 181939449 87383657
-958392618 -949407578 945697694 -118281726
147170557 739705922 183761140 847346628
-581000991 519219099 619141302 840795467
-655369760 -921714906 -357968068 -609745609
-454191351 -561928158 871723304 -223403957
-570714178 -489260191 436048286 -141810800
-174379827 -239204273 503416553 427498494
-271041739 -135086557 855884068 336752521
-45122964 -657362672 -29252008 -142215071
-618832610 -391688679 880570253 755675488
241411790 -806167630 422647961 -298491025
-836195018 -607573848 -279735266 190968496
-423468609 -962715378 774944926 563821730
-805266798 -787561775 217869708 359387877
-982397359 -149221058 -337965830 539519952
-897025612 16466560 -71621384 707729025
-448529397 -343192231 828223228 946291600
411173337 -231835958 543635939 217691716
-668360954 -804939814 -445894420 25582094
89306386 571228023 943837001 911594306
-483944984 -501960766 -73036131 190286287
-822133531 -39491519 679330056 198093883
-932460570 -542965552 974627214 697496663
-769890201 -952663542 -638312297 -288611275
344382713 252677145 507577409 804667752
-428855019 179479821 751914286 602218651
-396425199 621942187 739835066 977128339
379414553 -656583227 521882693 26396814
590190357 76136319 679453071 447314546
-2703766 -428352654 405817121 485582800
-548595134 -966501947 184823361 191502738
71113785 -583182778 288243107 614656378
-950988007 -698165863 448776381 -133021924
-945154064 -768162404 -553857017 500294139
-530784584 -379817320 953652975 157706549
474915892 -792643876 767703976 -730089429
-4495869 -533480599 539463107 802501136
257537701 -39221805 787888068 332802982
507704435 327248203 602290373 695193514
-849631909 -700256007 -792391896 -307428269
-621381025 -627700220 -602392725 741021944
-11666787 -493076853 944466373 -35770187
-914183071 -894005511 372297639 -646677704
760400862 -586485546 822506823 12270190
-932969861 -883935740 -852120569 -879136884
285878129 -718011124 784726544 423292341
-887102581 -386912593 790256157 455933865
-176693045 -859842657 398173071 -100911789
-524342939 -960699174 -426740569 -290557121
-748483368 563547138 25279357 859847102
-895231573 338226174 257087040 410292013
249169457 -383192970 936859000 900492811
-959376401 -721535306 849532824 643511559
-354454665 -803032363 795042279 403690022
-511264269 -691051824 -348007733 -372734369
-866591674 -649503800 659179438 -163919661
311861789 -305106969 582057840 857888945
-807771611 -162226573 -68301491 573564824
-563319091 -908830817 56474590 367796123
615868702 436418617 742409406 840966104
105349570 208620850 818527991 437100911
-840835584 667721398 -683291859 724799666
-310685642 -420349307 44333509 -287709169
-375671531 -935717595 -356919169 -329807502
-992091615 -984695620 -708065097 163208743
-125389561 -355703589 548222868 657013684
-873026126 -830656352 777829899 752647459
-335759579 761385102 -151098416 843191253
-385005957 -490132904 433980147 77729279
-120268409 383379278 110970793 920874672
132952913 -475185769 239056014 22531565
-377528880 -608002379 640967440 104879313
-934646210 645725334 126526964 915242615
-839019097 -506385437 463584131 -504465131
-976661959 -312766389 -369309118 796608984
-80646281 -839737866 658375064 -542865105
-366374101 -718739616 472267817 714249952
-464498298 -842414637 62359769 199022267
17084126 -763121889 162527940 -688421950
95868976 -326353430 346254937 689570390
-574273732 103317650 -48005910 411734536
239148211 -437254351 904592870 113103614
514990011 482315032 652137388 669412560
-59768769 -336756010 357217868 87938119
875900827 -898829325 944777172 -830060006
-879640542 -724683588 -292873043 -122500887
-731342950 -411221833 45522248 763946332
-861809802 -930549597 -562147461 134455131
-396353019 415738694 887273430 998051711
-109934975 -120706506 -81472270 447705389
-626511900 -802841028 -475629975 377973710
-508671248 -950066325 532469610 809198828
-709740730 -134186551 950598047 117072630
-84133128 -771297270 124511820 588374278
220859842 -861515228 402650084 -815083933
-322964734 -955348064 -57442708 602852454
-954123389 98170693 -276256266 788048506
-834156551 -860417146 242799870 972897075
-260169232 562216227 245646711 846178391
-331343453 -640129967 -160116134 -255710252
-531894955 -585082141 -119486325 832853502
-448836991 -118214899 -178586340 864753045
-474603239 619883781 47945633 681256431
-452930510 -312613086 327708684 426686245
-639099810 -862733854 739409579 265060596
-348422864 -865104405 -124881412 -422564786
-259805515 469245948 -197040657 830761883
-595842929 -826542362 927583542 888431338
540056913 -965842992 681745542 -388026495
-505400609 -912107037 977290935 431073695
215185856 155555661 451295108 738208476
-113968092 -84608394 820858968 209444826
214891093 -705418759 244805019 59051154
219351564 -416173087 482973535 626999567
-938167293 -405582203 716474157 -77358557
-696218347 -142343978 329122379 863706759
492831687 -874412918 557122078 765156830
-362546170 -922859588 -359796971 967711731
-566769517 -345331169 729710804 -279086246
-638498175 -54328096 -110396996 146870059
-529271944 -803263030 -126394879 816844769
-714475150 -701263706 758779965 633950182
-968219998 288887557 -573271932 652541188
54383915 -217810320 358199450 331202311
-918330137 -494928659 785034173 522845658
-888567925 -704810641 768746196 951523027
-890070172 -131373912 597747314 795417461
-896718534 -779354657 27285598 420744198
-671320580 -236866715 -630275517 145203736
-971510693 99738910 -908471570 927822331
44978829 -276818204 997821877 875769674
89450514 -383275965 979296963 538938185
-349706352 -894945113 -268204302 -574462015
22106695 31884000 869518364 420160656
-660333006 -328240835 -356207981 472031746
-792001088 -810463680 -123716618 659549154
630722568 -974680810 755952455 590371463
-889690492 -318434742 491534696 557891634
-770184686 -327753299 591353993 656918877
-847734147 -803048841 69404791 159441773
-479880835 54904994 -407502746 895345203
-452185543 -216632045 -100659032 959099984
-527817228 -85249591 72369102 644559349
-429822753 145045217 381480483 990789778
670106496 -674163894 804746808 156907172
-702643597 -938219075 -49724625 -358290240
-828799497 89243289 -306844540 760256731
-482048488 -592176412 460814547 152371214
-831064080 -51436990 431322610 978044252
27716003 -596762502 730304835 -56568074
-465404936 -740680385 550873209 -657662057
-142358239 -940316133 214660946 143328748
-293744294 -82158769 -189380833 12551432
714002939 -987243160 911688039 -746919548
-313868700 -855739798 -199921238 163739937
-688248189 -743162658 -382539654 978423301
-514641191 -430383618 -468475726 -281361990
-996736319 579800060 -779189494 704781598
-664435541 -225051007 -426403344 -96059452
123488734 -812079653 997507824 -134920424
-229501439 -822252824 -180462705 -514944961
-22328524 -946586646 667801743 -427837053
-974139699 551805884 826473933 714737360
-524252556 -822297616 620489475 165285347
434350332 -105101421 767959977 694697250
-891058555 -881349299 -725528633 -428937124
-242339323 -886871967 890708 -43655153
-66477975 -469682559 317935525 971097715
99216766 662584256 647803187 692575759
-821942220 -551229537 7271816 807676270
-3658793 -760813585 524346483 -596759603
115635073 -862369081 744927353 -237928400
-966260493 -795333320 563064327 -690142059
-321062915 56800484 296735832 268621310
-970735251 -126237995 -815288604 824606186
-845146565 199059925 346873666 840790464
-942667184 -963411545 101319645 -338385777
188907968 34082682 371175096 941667204
908269149 -646132517 956064150 -62951613
-751720263 -771667149 -482888736 -80887610
-739954993 24332654 843251077 278791047
-465942835 -770654325 334397764 -107180469
-894696391 196134286 275145371 846822815
311626027 -871050049 772942527 -251842554
-702895267 780274522 614725734 939433789
-42774349 -403437150 752793198 -386929173
146832542 -473977861 471847933 787904898
-425663151 -783784264 702972479 -689166602
-783141474 -735721193 -184957154 -617770998
-864435016 -201245651 -779295620 117902058
-89224625 -589732050 518555441 957649172
744312402 -858541528 967680578 -257247053
-649569981 110712797 -8488539 898816785
-813115305 -332971980 551828317 230916448
-385948718 -140336143 215589768 516830483
-623303207 -910712919 889901647 -294597870
-933454308 -305821151 757148481 15893808
-736419513 345822318 916633078 872629848
-558110412 402568433 -165209691 486995764
101894843 189039407 800298305 957274757
-787754056 -288452294 700414951 115945326
-72456480 -726526887 739800035 516330903
248075222 -789894729 504390115 589729909
-969390633 -602652515 484028482 271944061
-57178980 -905094733 59982751 409758429
538405520 -218656001 986804895 28714248
-351690933 -249739477 282732518 543380042
-644922395 306688177 705938423 528006253
-193224453 599240498 830889047 908029372
-530543703 -891820546 547978265 -239215622
-179456294 -683690921 206663681 -479513351
-623630924 -796776799 71625739 -662714560
-761022271 48768156 183957088 141821790
-722425800 -149031447 -578630288 317721840
-489315657 186268752 874694298 622711788
-960353590 -750242225 -800127328 -397947322
-957031077 -939534868 -540374609 -494193165
-670663946 -197977000 841896532 -56001519
-899320875 -728746188 -489844665 745977448
-952789200 -357751153 914903718 -71058836
-809915288 -624367148 215125954 753345066
-296812745 -602811411 21091343 -126610112
69748072 -863078311 186182835 715527172
-931809598 -154788826 -141147809 496942406
-380575946 138377398 104420952 168244193
352089493 -690298595 705460893 886684274
-891256536 -631648572 338340595 686362181
-990073875 -784864619 965098132 828094486
-691847587 -228349340 375383234 729710288
-768068580 -655974690 -484600638 -506880428
506933973 -836858169 613362329 805697402
-677410908 191895272 902501027 966303177
-190122815 -186848790 946033108 269612409
-909767188 358031096 -532370172 402553402
454988344 -975517169 611898545 -589369477
-258790628 -907528628 488768846 -891600435
-493569960 -267601866 766201595 306323641
665577945 107625819 677262787 940753599
-997964106 -734268057 63474495 -354468241
88276823 -570767966 951998992 74488814
-498965355 -848296553 -477096753 -298404338
-368272847 -533535278 204775703 -71119510
-716838735 -657707171 -115014792 -44976737
-841738595 -673491419 -235896251 615242657
-68414604 -978304465 934218084 291072227
-279002056 -675674907 749732212 608230283
-631800282 -37118320 -132220606 476322171
224062417 -83687214 279490284 -40565878
-962766976 349441705 841869006 968253898
-681690591 -464234686 953733509 -430262901
-524513226 224617736 -166534790 757053253
-612339677 254479387 -6608485 357192597
-212549381 -641206675 415980308 -396481330
-287339906 -378609926 958015526 737797650
-618953889 -212709214 -401975351 562089857
-979681531 -815848941 -652281618 545753312
-752055633 -94332701 877758751 407834335
-923904757 -931396460 996938682 938507923
-716180128 -524704481 327294229 -293829799
-946181123 -396742420 -717342752 -82997705
-671912359 -562514128 218236866 -550873922
-256408866 399376460 694843232 605066445
-545902883 -14989293 580223248 722448819
-752793212 -798368941 -8230884 -245860050
98195852 58520212 551432158 738769511
-456963345 -181062753 843701487 -67548729
-864165459 -796009958 -480807756 703745963
-496878285 -765417175 576095738 811880641
-502099331 -976984343 954953402 255045485
683488985 80952093 862708002 801827200
-833217196 -446392349 455848833 569917874
-264085200 -510780164 -116839866 126271328
552767189 494587671 820661862 631089936
-497686607 359920658 504765248 689930281
398539516 -53727446 521223833 677585056
-801440567 -194738311 -663987756 220924123
-658300779 -102262624 852280672 708889236
-316167469 24234968 2658999 658028744
-645066117 666244722 178294163 816296965
-735496159 -786491187 660518873 -314284750
-896809299 -829249887 668043572 -648228109
-352820942 466148392 208394593 789359366
-981396872 -110085286 433333005 682364673
-328313707 -853265765 176832666 -535015135
-522875478 -475516745 39568625 -408106109
-847661045 -861691580 983489763 -349730114
-288401574 -822906549 -279885233 -191552937
-221651462 -864175593 891267772 -347303610
-887586107 -179952660 860571583 896000312
887069277 130625935 998645218 427407593
-889219702 -661641657 108996331 291546274
-329137234 -681068022 -234965683 -85289008
663972314 -84600848 717450901 870859376
-609685894 507699969 948466168 855964046
-708746330 -314179971 862092429 244429746
-688310658 -459474466 -90305328 241853050
-808164455 -636007738 540888908 -73679989
280624196 -801789884 788338499 -387842037
228399581 174797072 233961211 775500053
-500058233 -139488816 -31590504 291085687
-278292687 -207838453 355743282 663800963
-754497307 -241844507 914318238 17127900
-741248367 151169348 89002350 430275617
-819817631 -202034078 -567469691 191403623
33724499 -151568148 719434205 273965864
-244566767 -585867948 918932257 688206565
-887706443 474585252 26031923 990978408
-636143332 -463523287 -597117166 143742196
-187364632 -594089224 966605495 157809607
-397661246 14471608 -17150494 573193899
-118255633 339758615 977701788 789779763
-166743288 -326334115 455468975 154791998
-872708933 -374018593 225036886 464740902
-425610183 58795522 278511204 589037519
-148355571 -195236462 270289268 357459903
-470443587 112596223 -178263373 802989439
-143425517 -551609454 240094185 750841175
-664524654 660349448 -155197648 840866219
-647791751 -79302919 170808324 534359876
672220981 -725242161 681845604 768265675
-544638274 -564414847 139938756 -153375285
16125852 -115981731 334270628 506684027
-821667149 -695533874 -796079291 8836743
-645028948 430188052 963164235 754975280
-551876009 -44689749 366318680 406241000
-378424661 -104061347 -352592893 535785750
169576142 58807439 407162186 487360780
-616851252 -440530740 928830000 -371927797
-917714316 -483911810 6557322 577305826
-878091183 -920827147 738536760 76050846
-825467034 -347454221 707400179 -169582203
187705215 -726266251 301221125 207832037
-971180380 -583981497 607183669 933743184
631443292 -240438059 667384670 344498218
-806120133 443538753 487494734 977611190
70551126 -161684660 703016351 213404989
-855018284 204768976 585569756 343347910
38562948 -339533379 416969900 108033857
-642868781 -75962906 -590560611 969994031
-615760365 26135207 104130843 646881889
-74578432 -249313140 347050194 -38539271
-309749589 -378186701 419789205 680654276
-49622198 -881798933 85963653 656219963
-660031534 208110683 323217939 924281479
-133304279 -175696247 287747445 707619984
-983090186 -733281139 400663996 684307777
-456216257 -780053535 785836608 16338567
-817970384 149093594 179859398 549516729
451183199 -627758319 695739099 190082074
-292752413 -631858526 502002689 956568076
-702871769 -360326663 724042562 -66942673
-667140864 -401558096 -65601064 -160528175
484926558 -58411574 974589816 931942388
676962098 -431694291 761892303 66596113
-924993302 -506183435 -170237525 77130145
-746463713 -748457157 -258847401 158097314
-677304423 -624196538 794831513 -55938214
-827526082 -559908689 265241300 -365701444
-67516464 513058254 253183782 808996104
-996701958 -577802372 -932454937 992157595
-641755350 -237301894 -630342977 802558859
-393744306 -599712472 448589556 793925981
125865948 -781529344 944799075 585522378
-949643950 -745435059 -413733871 -284258919
-676140854 -83386798 711023585 272956297
-749112122 109285727 -736056608 464903135
-83647701 -842976681 949975945 184775791
-578894903 -688893879 -141893572 506632555
-963762003 -22911858 681573531 199354276
-879110449 65656890 -746062621 665918917
546164888 525621360 833309443 760324591
-162357531 221491302 712473800 466842435
-592228892 -999057357 -74803950 840024040
-926593420 -247027527 220320027 48344625
-960589659 -533074810 -864538583 -39818
149069917 -769775102 176645606 580399787
317968723 -238365282 358523565 598678507
368311239 -249236373 561020097 -99082846
-755784894 -826201831 245671922 -729320589
-610652040 -831527499 735593374 -214697085
-400850459 -886830408 231156738 -10912303
-563381642 155126629 -154051617 430722491
-450334507 -206433099 990800256 143260588
-953716505 -933134552 -38658230 -370880119
-192528519 -532304271 777919399 -358856078
207415983 399151715 290241186 651415471
-4808327 -475345345 884096906 959033298
-637263772 -465235960 -155302687 631150996
-957721390 -460132818 888219270 315340904
-670899095 27440839 271784013 861052535
861216661 -439557048 866335160 502359547
-825488346 -687809617 699275737 -639007146
-888344860 -342613949 706631289 292412369
-715293157 -971292321 324824797 -830805823
26816506 -744238621 618049827 153199058
-293735203 -874902869 498987264 -151733214
671899451 -937361409 813369742 714727068
495837903 -367848600 512401190 871710055
-1746748 -172457920 976814178 -62332912
-505811745 -719302376 854937360 -425396764
-204863967 818395761 498298746 880645891
-714797616 -310118003 263830783 445197224
-194479123 -79815667 -39669208 808999257
-262417711 -581090180 789123810 347010635
-722614490 -419689045 -255686464 -17804263
-318803548 -758026716 24322331 431037422
301209668 -904763985 863849102 496138290
-726697284 -915884917 -246357294 52174359
-253255903 -867486243 -2264458 -627210483
-133120745 -977635325 760510236 -706784592
-924190606 -122426595 821247322 786777060
257420539 -557842810 295293950 711463505
-268100329 22504965 887526517 562700061
-650473833 -24328953 16695549 459682717
-796063235 -809406002 -688014017 449577502
-717913189 -719953647 341921939 -671886325
-938819428 -776075132 -198727776 -542004697
-344379539 -271249764 411263173 662276417
-337109815 -697981736 583598255 544461550
-226450826 420963477 544260451 685703329
343657603 -260363064 890837610 261035633
-899362568 -481597931 -487629070 -103891429
-950537170 -434980272 843635659 223295329
702516534 350166902 742180116 942769563
-321284307 -786962196 390865533 479229605
-512475041 235906992 -231129394 444115632
53979335 249263907 865924032 313942577
-757907260 -392927829 318930841 549152187
-88165807 -403319466 476725859 37163473
-173159809 -483649728 349608659 -476153660
-243512892 173510517 -79600458 806870454
731450968 426713 843439028 839830722
-313008224 -286768214 544100454 741800699
-268195236 679559218 521300098 797788075
-935324305 -840349620 -483221759 -325354235
38637974 -307909340 767930566 378792366
-888012285 -278135417 -423759496 -108593228
-773998304 -335560887 879737164 -181398540
240844690 176742262 992698285 512413496
-844485384 -270456062 528016187 53375491
-487228665 184410357 19234395 202156751
-418465400 -684970664 303358207 389064371
-890705719 -525784967 495493888 955102607
-709026971 -167591159 -167067699 345239064
-649639349 31694520 -615986737 640394750
126748914 -944112470 168249674 877923207
674951697 68501197 774211696 964675402
-437706488 -603077920 133928006 755007147
604821780 98371803 994096362 274483429
-537099001 -878027582 997016741 867739523
-84153155 -744792949 67144909 474017670
-560306562 -536125065 224385408 -427864134
-317674185 -454733284 381722879 -346904807
-222557549 -70672323 127153299 907959868
83554590 -438998379 721238341 872119069
-494879213 -119883325 503194713 147242674
-214092390 7214095 663058943 168168672
492186719 -843117826 837424642 -608776052
-631350778 -995973184 978389467 413821799
-720745963 -434301222 434476315 -202692281
-331971514 117801505 -197718255 728920718
-406600878 -277451425 991719988 -121886286
410404996 -473665168 789831677 910249606
-402516262 -666943966 974485687 948358575
-314937204 -934643699 969997136 460933427
-949281581 -820525669 -30831741 -434388863
-974653453 -959913277 -904822688 340533979
-605115212 31851725 829434288 973528713
-307104441 -864117691 945771306 626322190
300241395 -895976063 619783097 17316074
-389051360 83261067 785783819 652141853
-646749260 -957937801 -184008533 473805544
-597864026 5274612 40447147 326316720
58326453 -399728155 861625916 -73612273
-875165736 -412927461 -464168848 -234815859
-859703796 -409753071 -569922004 10769537
-701898060 -204285468 239787117 563078739
69767748 -97926130 673632829 739829648
-91684092 -119563856 -66396566 566386722
-381180276 252377766 801715886 696128681
-411722707 -467231113 -233265445 -126768261
-628308306 -942255511 332270268 -170115359
-782968549 -102819547 997020379 675966944
781945372 -529471135 912622671 182231157
-445622297 -386381666 359348076 748036902
-950144213 -376443650 -46230220 -19779695
-807953387 61594750 -101971801 279795868
389185836 -822163054 794685525 792318828
-776243225 -638008570 -412733234 679429761
-567052509 -753550549 662927840 -427007992
250361476 -306984638 596640432 925032599
-243815726 -222474840 645115315 68675670
-600862836 -719867770 863353238 -193793205
-435178643 -479153979 221299995 430363468
-983752947 628686221 -241691455 645635798
335773998 -945647298 940064222 927781975
282140265 -12101431 535005158 689275171
-390256515 76754771 826322255 200913439
-497365682 -165493838 -385841026 -112819481
242025735 -471962862 989453929 844616668
-716911783 -450533114 280924525 696494756
643921738 100293667 766753026 175200492
-649478790 -484733569 628605675 385253359
168635330 -542345131 738625591 924489703
-350473132 -586064754 -220184521 425354021
-728786105 174595094 441775172 991138931
-183846598 -790821941 -18714157 -25170782
-724531346 -572975962 728679446 100584086
-823322953 -124984629 237939341 153245498
-956189099 38471851 450710104 268208330
-388009199 -267306219 319268943 -187336891
-168440584 -199329647 391324885 202306971
102135453 15150879 827548882 507581943
-676999484 85590008 -39512016 517428044
-543298916 -669983943 177635206 -152927623
-44292703 -503152155 876261996 -475143016
-306454923 -903824135 903183784 -54875390
191267037 204599048 987056943 490194430
-830048813 -881544299 79587644 902941565
201597169 -884549300 848107563 -149428601
548086761 -494129194 935123732 -134604617
-475122445 -701159608 976643960 607931339
417866416 576641631 738036670 693515393
-234401592 -230162223 864587398 274651058
-871489020 492941348 761114114 536020465
-194819145 -35955389 263719762 606781392
-218618894 -762808265 997538611 1293115
-997818403 -805271676 278700764 175137391
364387557 -899433840 837367090 -805960729
-827092929 -709704692 474463269 357963278
-333332622 -736652223 788306021 220571497
-380595727 -908620715 913670288 928865113
-573096283 -118568794 675881798 392801906
-515010177 -759877946 -267215214 697723197
-77089982 -765005430 427291824 86206787
-366490470 -968085713 499184141 -908838415
-132132144 842122180 954631665 929072025
303039170 -662882772 797244809 323170916
-821251151 -625191572 154724220 -256285731
215620564 -132242434 409583140 706292487
45671694 229293033 962893684 593513950
-592770750 -324386711 420454581 413759677
-122881825 579658754 724608532 758022106
-954523451 -222246209 169535794 -19643367
-776274288 382089857 -469289089 848712946
-330377876 60255098 661476091 628180208
-411677004 -626348575 116529974 682689102
-449092553 451173404 879324961 665392015
-305025231 -713411330 23522807 325347667
-424650827 -811463833 121428789 234090274
198012198 344444369 383612978 687027447
890935851 383352453 987196118 789955151
-251983147 343454024 569521839 428379990
130495390 641702025 254136442 730915907
-57958523 347663388 621340797 757916950
878791881 155812620 903820847 345577273
-647678927 -526313310 -63368360 -153139468
-696941423 -600328992 -348665042 748978257
-705444224 -564625695 -573175458 422147860
-214658695 -648652356 693301737 540239157
-365484695 -981613183 -156385587 814691976
-884187642 -327841456 621409551 373224363
-605165554 -821241857 -398283432 191086013
-262222999 695034830 590002555 900726083
-570841565 -478446624 661751287 783240380
-726338445 -884136593 483029721 -625239187
696337042 -933705559 872699521 457425755
-213675920 -944033391 472301835 -871299379
-832033455 697824667 690126696 785144796
-935458934 -598837302 168398235 185534521
-784054921 -102573337 437212913 400517127
-334763333 -111987101 907674020 994234376
474048332 -737478756 827451030 -39167924
-558998862 -869108279 90757005 -10200591
-826103763 -832352157 299039874 540830315
-19786596 828744225 943427396 836422783
-834747965 -907823337 -372047741 -314049236
-779616457 -517318196 460370723 828012438
-598396594 -780186583 145379759 631638896
-881434998 521110634 -27543199 792745755
-535604664 -836692884 -274199962 -790726919
-180581554 -903496327 821648518 -324106925
-586016452 -945865461 709465411 -375957845
-868981187 -929758475 -356726921 227572242
-731849296 -219778102 -468572333 790393907
-343384325 -738321264 26485028 -148585501
-578787211 -801707335 210149693 -585065802
-964969502 353501432 -208669119 991428157
-926393273 -870894669 868187569 -85521448
336144387 -953286008 844739148 752619775
-204197872 -861712257 -142261247 -353649999
-427382936 -956705949 250180844 -41509598
-356985359 -504679589 -133550073 -137941072
214004101 -457952049 506794195 818470906
-309496791 501255826 -104092956 844183455
12683510 -369405915 466547850 -240224695
-479889032 -541485368 532357992 -85585882
-924764200 -335389446 680006296 822851695
-120647352 -212626868 458118010 -89499298
-932356594 233407746 814724475 777779256
442794500 -344188014 548065432 852584118
-69698929 -950064781 436432444 -441061003
724959429 -561436976 874202236 855234617
-644459397 217941344 -622010989 824275568
662902022 499944944 751469245 565501283
444790651 62214501 938830376 404299649
-662043480 -275695883 320673648 -246736324
-994899490 -403362243 -753879672 647771730
-945868246 -687877779 284736645 281238633
645752820 366068615 783451126 646797474
586261119 -879288748 744591444 44763099
-977612114 -389266282 37520974 -312495201
-585018360 -261143622 200135612 100719012
453470583 86406624 509401553 944959768
-840274155 153532827 217012158 534596070
-597463634 -629726582 717576621 -336492246
-86386675 -11115039 831620456 872649835
207891435 -792244926 632373875 -516159596
-747135506 -612871882 304570882 -263074402
216525800 -832164981 941119486 284118184
69400504 -810615982 754415431 145568305
262849309 -325863596 313935907 359040319
-410643554 15647524 406456191 687795280
-228702275 -538081455 -206777909 394311063
-890712250 -286386829 665002852 2790229
-963556360 602732122 301937684 620296190
-968780134 -780635308 128035814 932069923
550687225 -252702372 678470805 104611471
-865755234 96061836 -388422489 263073787
-702768214 -152819825 -672577248 -72531815
-296814249 200627585 3304686 944525123
-935066243 -820225692 965046444 303228618
-580574900 -546186467 -383559700 552914805
-662691894 -931236119 -269925861 151205764
122715358 203727774 564466596 790384025
-430022872 -297631507 122532828 574565223
397002345 -579582112 714043341 720166484
-875810642 -372757919 281865510 -163689795
-850004884 -747941477 -608029238 719937233
-225374714 152906176 281689091 478823036
-244271276 366856415 625202585 924996808
-737542793 -482531801 -393652206 385722824
-900324069 -997306032 -427445460 757328219
-19920072 -414150933 63627702 812164577
-280970106 -92466091 414045857 -74475397
507244047 -695569113 788305739 -429050068
931968115 740572257 938594738 992742344
-963706547 605033273 760389162 924207317
812009825 204624342 895700612 930134665
-628366088 -123018569 267894314 455763106
-441839472 45070289 434189364 784375888
16749609 -409641354 193614556 604764992
-654950802 74288056 97496544 634271033
123019984 -565655821 918224334 -443797529
5503226 389076123 644214301 863830963
320559046 -579633979 648270742 642406644
-367571941 100738653 -214744990 655918301
-350405983 -878285370 775198411 -280884354
-453304395 -270250260 458194223 -199694533
-590296933 -723814329 874300052 -89859880
-352779682 -806445322 -191288759 576757219
-933664566 477662938 864707626 512308703
352926131 -175769449 454122652 639422995
462750707 -286417028 998915866 -70999924
-453524579 -965859302 892739398 -687876331
-654262868 -518555995 222828563 840673153
-912602215 361208590 -263720690 950254525
-294998552 87769746 -141930244 138327826
-959651444 -276231938 858538606 771632235
-510394213 328569736 865969545 762414835
-348994558 -145389448 799567495 194630897
-620809594 336035600 -54438667 564478168
-890505636 -729458789 -533277117 372512017
-976942807 -739181365 815510827 -114796692
270536504 -899705741 628449526 487086059
-892524582 385166832 31090300 521096006
-795564951 -956244590 -444889563 241067654
42300900 -69357757 259254162 227941371
-385117891 -363536479 794242483 486158773
-465336271 -847648360 -783575 32970516
289650835 -798912828 336586509 -774907674
-800757940 -535467954 -590774509 546722885
-748769174 -776077748 639687298 -453914050
-555061336 -346668416 920318980 610912788
-818467490 -231746635 -672006828 92669910
-86501814 -810104360 -56232536 969393663
158917291 119838882 929835750 619544235
-180989252 -940091877 246070759 -491734397
-511622155 -858529396 112057542 782080880
-460332785 -14794881 -80921894 557185180
-714715644 -397759043 147501245 -267363730
-958233811 26045086 886059583 492389500
-708877759 -532237479 -352433113 637905584
-946698371 -877332081 -277342560 886416943
-16082221 33503808 864233389 193535521
-278701997 -833011876 71039736 80850190
-333562187 -710371643 -290554372 -241054550
-636259037 -616576667 -140646405 -16673759
-532190936 -47439588 440945317 708810283
-697415107 106748724 500526611 891335346
-394660580 -536645067 292889504 588502751
-726497688 -785657653 952452401 135891877
465083426 369925743 495595533 883983898
-724046725 -279468363 -109499093 164437273
-520841508 -22688357 -255656403 127729975
-319036002 -943455909 -113070498 631018933
189218429 -991263811 488606175 -971643357
-68256829 -686974835 146376913 -544222595
-404681511 -773993741 -191208249 -606367033
363992813 77535296 496526922 739756696
-496964742 -622663255 -6014675 954653054
-619453049 -956182068 855876769 912735153
-193040460 -469969209 687783805 997911582
411906964 -309238444 946079085 630319597
-420501803 -282779693 146252297 808926876
-657222994 607263661 -484261616 946961431
-738971828 826030222 -155705986 959970962
-934859229 -96377833 833952957 -60427528
-693767252 -849671626 -507030281 -250795109
-97663352 -781848199 407267292 -472968606
-478301569 -643350152 939250546 573279211
598627292 -812508769 610108245 -327113376
-618429091 -904307262 361642909 -174789932
-745133948 152251295 518172890 369469894
-260823236 -651859201 -94720867 345876886
-590742336 -58967830 -227735872 251896303
-606394999 -279533654 -15310756 877224888
468947790 -635832633 701039561 -128589541
-235747716 -720990890 348947044 -220791392
-97685814 -700178674 -28684831 -393553620
-587191297 -539648146 427043899 879941406
-894674586 352020628 -272680414 376761791
-241806771 -68952126 809046063 222123597
-193849430 -839387316 598985623 576743281
-292497010 -652341927 -61750953 -19855756
-776977485 918938153 948604176 934610843
91832471 -835117173 578587737 -736026774
-704364533 -73874657 -137781958 611029727
-974314550 675570884 -202345938 688376534
-488484640 202727201 808462995 205292940
-493775670 38399959 788872682 75828621
-912168348 -559419448 -888664399 831017689
-530766312 -230853728 416448679 798734829
490201745 -941824860 521889723 -784295989
-762374401 -351867298 -681284184 132810368
-421688643 -651282723 863023642 329055391
-580599009 -791134906 222626832 -12933311
-828203843 -209202963 -305999979 -180830957
-623164320 516306202 605959793 914904668
-503074096 -172046059 599052907 694204262
-208402548 -283143682 192590171 466381537
-129313499 210188943 284847002 500475093
-805452633 -280783408 100127909 -91634457
-946334443 -733749825 826458003 -49903765
84528757 609173033 988985181 861689915
-558237498 -713116687 467498639 4829703
-431691745 237895631 41478205 830346190
-897981920 -935547738 -199693677 768015354
-138897894 -268862394 44267173 567492613
170720815 -350333779 233064958 -71980565
-975316894 -611905253 713322106 134100920
596375677 10280318 682262393 12084357
-955292610 -100537961 -853682537 108772719
-359285728 -503255790 -50651992 56775214
-491277762 -24978457 147363911 862048047
130535270 -988356787 643136707 984339527
-795048870 -805601122 -665603491 182593073
-608095539 25184780 725241745 503139113
140406278 -756635036 264434285 -132177318
208027779 -799834174 923491152 -372103633
495672701 -905213067 741178880 -304113111
228230443 -458129864 403401787 250539039
-744386228 -600179237 -12442314 -209429095
-742175235 461867753 -488418622 978454876
156642668 -10473461 555161780 397018709
-563319836 -818284035 667116493 640501550
-528121273 -5534325 973418676 366313530
-97716608 -424017955 706661228 250331373
-952492274 307509479 833945312 314246353
-523049031 -861388447 -208186564 503082130
-395543177 -366080501 -183732751 106573888
-669717235 -961052764 -217773959 -246422270
143716760 -552681356 375470552 -282284736
-868513218 -896001252 565187266 -666674725
-857048222 -854593985 -806299308 -401315606
219579825 -900591117 515028944 -689869967
-820085382 435035067 67675689 887426420
-153424479 -314638908 290398041 505361369
-944062935 286699777 692800580 958679666
-679505698 112736916 694399339 526422652
324221127 -444642595 437976856 833986093
-779105043 -953186769 228214016 542418040
-783861873 -200516406 -55761638 582855169
-191607270 -49044316 470222006 486151689
-645562351 -638482420 339880441 288196191
-589770413 -22584263 -175135309 843191288
-214002312 433216751 936392356 985649667
-197435325 -443489947 891846929 183524559
452446443 775874193 946389385 799854504
186894035 -961938833 510212814 -919476147
906346731 523284688 990306844 697217290
17807771 -592552648 933248921 686819047
-174773860 -891863590 551151831 830919707
132296994 -104627737 392951732 544156647
-226026861 -864123099 903462983 505207556
-10406596 -804118994 738580124 -400930740
737421062 -296356076 815209912 522782957
-792187997 -756057903 -740534032 230966830
528850259 -929660506 536792707 -772762034
261251567 -811168543 654283729 615389016
-519060471 -178856105 797464927 731945497
-779966375 91207092 -683126522 798265186
-839009217 741120768 349439108 807882905
-382986466 -526360319 -34456757 -260495514
-672548722 -770027910 -509030594 609805424
-960314048 71748116 -100050871 423200939
-553221061 -723759747 640791445 450109064
340912243 -463013966 469483574 288049875
228779514 -351974684 276362713 408184646
-840428323 -582533772 435876139 206893321
-669779312 199593800 -160182225 547086055
89785565 563132745 180411689 615674297
-238775753 -978926840 236856244 -30393100
-487317968 178133293 356371624 843914974
-516510524 -327834480 388758575 276237223
-752942623 -479294381 -730427940 -18571025
-773972451 797838593 75400513 850586137
248467416 -683809753 896779045 -370073714
-778834908 -255718003 -487832836 809733243
-866723041 -598792676 103262960 373792040
-101596908 -423941779 732565563 657751798
112834028 501950178 481639166 913071077
-673793175 -152421733 399700623 819286021
17050007 -816875518 417463129 485706129
-249951775 -846407061 648215838 120339419
-980084778 62813248 132338723 397767565
-773448206 153241633 893011771 903517392
-529326471 -940795586 -282597711 -916068377
-764635604 953173925 824192819 977055641
-875611134 634790220 371570658 865090729
-241750758 -386265624 194320610 -170336740
-459603353 423516150 722691099 939654333
520763744 -255304573 763207247 890959755
394136878 -667187259 461855355 590578024
615549343 -807069047 744449200 519495491
-360860296 -140314580 46124746 519185261
-806773397 -495442901 163132349 -301091399
-927581126 -720837754 -897489167 694778110
-981223736 419355296 -575361544 762931840
-126798140 -633607317 763203960 44912875
-408266412 311113495 914488878 318938801
-437970464 -999164479 128122891 -30475197
57279781 43025733 328625910 726382443
278407971 -688212015 597228550 -7426281
-709692271 223170736 -600319372 339250553
-419668898 -981794145 443770963 -274184402
-110401210 809872681 197641693 990447284
-941555439 -591922851 84867703 -23501621
168299401 -38260150 375405046 325738725
-736615418 -370165228 542778055 -115096615
-657519064 -910328483 -255566133 819181466
302706212 -630460769 373555965 904901136
-133975358 133656027 972380224 809019897
-274163726 -716316422 611727118 684895696
-928543238 -640018210 -429981313 -88067116
-498275668 -334249394 691642972 971813629
-781749233 -211696758 -3823109 -50018929
-3829304 -601827408 132437170 619138098
496057699 -732188833 568053178 -210650254
-410667113 508140533 285997811 863228091
-941784061 164958508 746340032 667707420
-694416068 -667560637 -613386280 6331028
-219201655 -170486230 775814863 743197098
-800362005 -838874456 -254985938 416971081
-661044590 -149776702 -302225543 634583754
-590575917 -632751791 -202436636 170985143
226494813 693263987 639336065 817735202
-237959087 -159562886 631328404 819191659
-611263978 -939205986 126047187 232760452
-897116850 -131073161 838690049 650996003
-453968216 -575473796 325581861 965852791
-997935977 47410070 -839896272 808393938
-303627695 -807884742 757955399 -413737497
-981183483 -294399406 -809086114 -282388021
-933503525 -43015986 430933254 629933547
535285005 -427450942 958319633 702920398
-619721465 -871833953 782578745 470256215
-923601981 -172457169 -557111272 73058032
-975669888 -974480935 692299883 505618394
199823387 -653897105 970622842 -4203861
-443238585 337892938 707071457 744215701
-602512257 -989438955 -338272328 260003132
-146058660 640880731 46714604 707295824
-46026175 -972614257 921211693 -178859733
-944595150 -818181050 85791968 919159209
-221752851 -755271419 80586632 382507240
-468516040 424971018 -383029437 877225072
-876907438 -586797735 -53837390 -338861283
-628700798 -398012545 -535718511 265944056
230164306 -850383272 423729414 590408920
-898546242 -927870183 -258869840 -601944165
-745468589 192982253 995808152 540026442
-862893469 -278043404 961404251 -237139022
-72441321 -570515111 156352575 234903080
-297960212 -364600048 341513818 390647729
57404580 -792314164 317191761 280068575
-678581241 -473042592 598595741 728646840
-345093048 -920846585 480837011 -167421925
-924695718 338180013 559131962 730064971
-545024660 -639765356 964626100 -368483026
-584231508 -132837441 -375479865 133210386
-641764024 -556259578 -586183223 698669326
84087161 -574387802 888616931 -422236448
-488514124 -401508760 841196996 -314581630
-702593307 -315523749 364917962 778053047
165477170 -88788571 896675235 75211410
-791745761 -250688843 -620225458 561699486
6388573 -837639507 208248944 -664443784
-121626812 -653705247 75549833 71409244
-808726347 116857468 703970344 740101599
-486404138 -647395679 526032196 213385858
-953080755 -621679718 934964998 616919276
-962399163 -523565688 -549318786 728287256
-47475641 -163003336 541293764 842411561
-741032743 -961493369 -398154053 895387089
-813681748 -469339049 217020870 842522989
-419671160 -502785295 51709355 -311605435
-391892171 -411543651 66249267 886128032
-361926128 -776557864 333918043 332381998
-844608224 -694896566 -780958644 -594919165
-780515314 -981379463 -520065640 164408118
-959860512 -184251514 923091632 409150197
90929431 -546520855 998971737 968402740
-414982338 -642722956 558863422 665927374
-983104597 -488142941 -363303051 -440685287
-729183494 -809981050 -613296922 290673176
-4808432 28323238 728620596 93592144
-970681502 201435360 -411813664 839105067
584705969 -692494295 642740472 -466553772
-424603991 -979159237 355534862 -327662333
180541880 -603782879 303712982 608951510
-510059134 -826144954 529717115 -560108404
-460824282 -995859910 64700698 686426212
-5247637 -616567588 769483426 418568454
-932345061 -662318503 -92311672 -290428192
-595834060 -153887672 -284878712 407759454
-298005312 -389099601 907247683 929916700
-941603792 -653984402 872219810 -458717031
-576903082 -41252716 476952785 62865168
-925634048 642331200 894099915 904704470
-741520233 739693869 709295703 946428753
-708081408 367114605 380601452 915943296
-593886500 -560244176 210618146 523589968
-869433713 -484544270 -207773698 399233668
555633142 -442252926 764437940 -255265161
-694276666 -217207961 -206839143 850065530
-660239621 -319925939 -570681653 126907933
-586898841 410782341 545225821 918340062
674445383 -703440295 946164114 -196079621
538217680 -445563634 935447101 -290731622
-300406469 -843147241 791845077 221785653
-264126215 -354148020 830081301 659681660
-575359741 -876804877 -234235729 -109695153
-717427806 -603018946 -640808255 101369718
-837063823 -879818198 834823321 816159397
-799205016 -379353128 -769038682 -225210522
-587247618 102780499 263756413 555546674
-780770119 -838036074 19118697 230158868
-612543716 -470541486 807379634 155220363
-792664103 -610737919 919532718 63825198
268292660 -196779606 486613599 615649494
-642339496 -490571593 496406826 181198798
-444035666 268531364 183879299 354951217
177131158 -740758809 431591870 -156384997
-430880266 -742004637 -312637116 -382659919
321443830 -95604112 918362582 986692938
-317061311 -547274711 971367504 -515033855
-904532066 -557768587 -237075980 616713583
-242074312 197822578 -83029682 741387091
-38621074 -903272259 210200506 -625758153
-5243992 -760461259 227755699 719021172
428569906 -289547887 665947465 70824834
418029493 -173943640 887618612 797747324
-876923205 -335249468 697369551 909398858
-260614747 -80609780 976098743 -18676581
-322272028 53351318 -259491724 935420193
149372463 -942100081 281372548 -10854681
-836705711 -248352554 818793489 261701731
519045453 -465395158 919667026 -415445158
-677657966 -461204097 217753357 -16512918
-138163515 -340443496 853039094 132423740
-271037765 514063929 199905131 532419511
-418703897 -522347940 -137139279 -120842837
-476586444 106527799 39423289 419802015
-805477401 -798718072 -564563315 725285108
-74553741 -505143738 545917739 759794923
327223330 -932609143 900500929 -638184533
-217964135 -994919337 46782449 -656605338
488012932 -359842614 801478133 -305537202
-346097902 527752976 946416643 673290687
558421875 -488882008 853285334 233638063
-677148773 -347493714 -260732923 985950223
-745229707 -875013857 -407161106 568803357
-831033091 -96793446 702628508 950784107
-317466425 -169939822 -44268576 447484343
-660689775 -254354829 -108401309 325021593
-813947047 -589271546 246683240 355975429
-938197405 199367985 863129182 419304358
100398728 -600194577 423684882 885406105
-862450600 222259391 -388006691 242220987
-331979104 -843986243 699793997 860914037
-882974116 -383016294 -26441858 759642033
-710786198 -326500122 -489566231 425931520
-106445928 -234381753 806665300 73709677
-924761406 -592703060 -283729613 315391561
-770872248 53972685 -590937170 378201859
-649284681 -312856344 644366480 -117425414
-654611079 400241410 -311756409 675144941
-512474902 -518447147 802423685 286461272
-927470114 -847478519 901925600 998557155
529334758 21002937 572083719 585120895
-249451589 274371109 748979444 759739614
-333620415 166413324 -233083247 961564703
-314194077 -834331918 -94308394 -456457327
-378771046 371879939 395323225 446315980
-737155830 194507122 847245311 539546158
90216849 -326880191 539344158 -279381518
505139116 -985268619 754482555 -839846127
-986952577 960746149 -469738015 962502963
317234624 -943744387 564564754 41668864
-943589522 -660430133 847812533 -602059495
-415353444 -783335366 870110253 -590462959
-245886907 182540436 683204885 725957199
-339923807 402370274 489951300 880201086
-942467977 -714545487 832307647 -392405032
-655944 -622691258 263740789 250265704
-26225838 -954180008 833870037 518018693
-913544121 -821388611 -495931906 -38366321
-449213349 -672444975 248009501 377677770
-381304630 -438640326 661099442 908268585
-291105758 -80236788 -284009365 -12214636
-791836409 -915145601 -710979276 661260164
-806200654 -659156556 752453486 530851441
-201354480 262792609 -95980124 552971229
371515127 150661853 899022227 642178084
659036258 -369832315 836004372 -163085815
76070623 132175922 217754279 355620253
-677584294 132576444 -17554443 882310654
-693160889 -774006695 241090490 -659024112
-444891181 -729237338 669327218 -348465645
-390554622 22660250 885988118 503699077
119582484 -497561994 498514149 514091686
-824452545 -750222812 -463686253 -20611907
-722135752 -630213429 -461086557 -477245661
156622661 -915188931 807069273 -674073044
-389213154 893595124 629164502 947963812
-622620094 -769842882 -516653645 765626989
-42531492 256866609 871415726 328941678
-355520230 141008782 156628400 806875828
-711787678 -447998785 575241706 -46381756
-911789018 -530452588 -49227955 -183371060
-259703139 -790403995 56856200 261869272
477289292 124471333 971589752 363591501
-892386204 -241262736 370076907 207482487
-729612341 294008949 826154573 868875460
479230967 -418849649 917100304 640127262
-693673532 364396310 351762212 952367151
-742278913 438768977 -263206900 735280027
-303078958 -284292212 369696658 650773695
-869618846 -994349596 -666555221 -493515459
-848542595 -522247241 -708651112 610537262
-504767684 -436096289 656294769 858769326
-931515975 -376364671 803006499 755380622
-386146403 -683372356 518320201 276190363
-724846449 -794874582 428256895 -752952365
-236579072 -557320425 484190793 848989960
-565183691 67064825 641964715 369585913
-700122219 485271667 118585786 908317003
-808306597 -469425640 629265807 324233933
-250922542 568069906 737334112 664582450
-995919210 432436249 147459272 531249713
-828147827 -742318937 576187053 -583753033
-248973834 -542736492 -163399490 987973209
-980443466 -689865086 -692582255 406661977
-741463590 646730228 -721235060 955346486
-436032666 -923799354 951998064 -660845901
-617483886 508303723 373206742 836282320
-299065831 -896880422 777800075 837282836
-909913550 -636241379 -221945752 -242395864
782918723 -923203455 955663420 396044964
-132703603 -798271009 786630171 459713163
-396093388 -660635770 270745212 926258534
-979706133 -648690008 698883866 497291966
-946021258 -773416145 329466049 -14606314
-837361618 -900540466 632678861 841807022
-744578014 -865323861 185255784 -351107210
456083096 222793135 997594202 891463345
-373246514 -609094721 325540588 416768442
-398525933 -745813499 -275391980 154128941
-950413486 -113980234 -5637924 611303755
-109123723 197251861 33106372 531972075
-374055048 -148107516 -144823052 601311702
-875578550 -576531796 -564800781 758824409
-821876314 221403564 -787895151 757431574
-849103129 -483409581 832125260 396254937
-203601529 -356614644 520438569 142953941
560017807 -733207276 751725704 -188578440
-495672536 -805591242 115040635 770166578
60342627 -592889438 419725030 911454340
-775996356 -451983910 31835637 -448716105
-948834111 -606370869 -223946102 -274010665
-251210480 342001099 694973414 637856108
619670831 -740951961 920792987 -478626107
362283185 -492932698 408378696 142976957
-468733620 -822344268 146990542 -760393223
-897663509 -524457133 739341244 -8013387
-771549619 144886132 251355559 895311016
-444200484 -833270285 -93859380 268507282
-680055333 430352269 -304167393 832977339
97945776 -822784236 792975789 394821650
-524792855 -483057911 166210599 580741387
-729883786 -176544005 778036550 172618858
-962900302 -658588133 -239842626 570349874
-191912961 -343184318 590948192 236084692
345954072 -952137664 931330606 201150096
-458724662 -521176153 612207471 667653364
-933429708 -944425422 733363851 -169827499
140105829 163423164 147423770 957151152
-220409988 255709860 9868257 546095367
-151507236 -501270078 229930390 -169536297
-740766965 -576408994 -694870899 -444487934
-475478810 400249796 365149116 439363711
-995266518 342388070 -115059118 582289392
416813986 -354676865 496896138 242837725
162537561 -342838713 772684351 -56446903
-960211409 -636297981 271184924 260059573
-9133448 -703925705 184195508 -351603360
-959973175 400246590 47332950 471562007
189946219 -831691835 237244935 -761118812
-786661728 -944851385 -25601305 670297067
-564477022 -604944527 574368375 790931650
-462433744 -913671548 530592168 781810656
-127418863 -580560658 686338933 -153525731
310933198 167360711 772366303 699898101
336045097 -568081738 417568509 472489488
-495079884 -705780024 -99847911 215732249
-930885607 -668660261 293916235 349374180
-937706152 -76584085 528481103 690979423
-821166189 -922034648 35833435 -479623262
-327919785 228218973 111389190 843180596
-944288328 387374559 349593082 901894116
-530618399 -776473540 730233902 645920258
-440668657 -315306874 687704570 -233112708
253874371 -588598322 595933131 69035832
-73304953 -337173847 100985244 380358873
298937272 -894343922 368333358 -615893093
-938327256 115920549 -81432131 908056351
-58407115 -893252151 775514595 828457526
253304657 -902707763 670903680 138054607
-30922965 -518371616 44027780 -423367526
-873940231 -112811068 -695105594 973548423
-501078417 -839815146 679268367 208884501
-533262763 -162395285 748203225 115663603
-6984 515443007 125196403 906296129
-946118477 -216828053 62176739 938175808
-741436613 -926588729 -449139724 -601296620
-627939574 456656692 137005337 940484625
-197151419 -218623382 -139341121 161834038
526776385 -140518683 803996220 151648792
-667549293 -533498706 -330185416 137273074
-142492463 -511366677 848183081 -301704475
-808560988 328306744 976882017 427465332
338889212 139696713 859004194 552473473
-640575559 -672514250 621083893 -305161643
-98430964 -972836663 -3587304 -460282235
-347286210 -384450374 86977491 -300686008
-940497853 18872065 -417020747 644034343
-898913894 423593896 604969569 860825589
-576973379 -539458771 427556859 992011968
393050864 682242160 782282012 736166612
-359133457 -957897668 453068705 -521652455
57166256 -628238327 209274809 724386770
132943134 422668125 229060542 849457169
518650840 -809308944 520191859 2213084
-361794886 -645333470 412928406 -14437452
-7832891 94879616 364334009 263471855
-969757272 -759856368 484876772 151729294
465715828 810769847 889888991 979205260
72042676 75153223 435554830 781737945
89809051 -547965364 420781328 210208463
-863062285 343510036 624297173 739945481
-684582885 -414750292 727007613 -233493104
869789030 -856596375 894063622 -203620026
-968369883 -502736903 -923752165 -372991492
-439661264 -91080746 939279335 574047245
-602127761 717762332 -424225426 727144003
-761612149 -608526351 68201151 885485307
-810730411 -54808089 89937577 652398554
-660433361 -922102024 -194593969 884406155
-648802718 -202451165 -96778209 124283336
-721504657 -778048675 476925786 -167224303
-852184074 2851814 85095933 691649926
-153015896 -886142648 784360554 -846035316
-835433503 -393737738 555641749 429140970
-989546715 52204431 -531077010 475482656
467517101 -727397100 748603728 -673385506
-591413028 -308514292 -555125481 -292627765
74067126 -497335598 445226088 11014190
-852391995 -665559550 -312621636 -494024639
296146144 -661524869 998857330 -536140501
-835926431 -217256052 876957394 449193012
-937229039 -834490525 -456406309 -689421928
-319529876 -478374323 402140256 -226592780
-301338367 513903047 491057586 619519873
-893629877 -242138945 844524463 184783775
-378165615 -274703048 894527663 -110049309
323441637 -105510193 461203421 269052004
-942488546 -627805739 204307578 -150160535
-62214023 -266645659 70870500 849497222
-972591404 284360686 -878973325 512438177
627566014 -807081546 902487045 479667415
327120750 -553165627 725687667 770826961
-639616474 -102269768 -531860452 570418865
-554180051 -688954817 -426198413 -267629739
49713881 766146554 67716514 832359626
-999940171 -938132407 -229780908 -450888502
-874945721 186401898 -864436023 460129169
-521380992 129686843 746563685 149038792
-585459537 23454849 -115075000 788050279
148586969 -323623217 173225626 951777740
355881049 -615659602 937338047 -193848724
-498959719 -802564842 -274701562 -233137513
-499159716 -319746064 -392606500 850796218
-777442859 403659281 -602464033 797615324
168943242 -478340117 172761715 812659032
-338215905 -343530468 453377717 122641288
361699560 -116365181 627318593 -13583249
-479247568 -805744537 619285452 767530293
-369128789 -731003170 -49979381 -304771321
-813757758 24827582 239426857 302941856
-600667660 808538536 934762195 825134688
-855857154 -447000632 -823811292 -127434517
-648352043 232208473 53032677 259219436
-878673215 -42016383 887171854 680076404
318270673 -927196854 978974655 368586251
-256255508 6128357 -175690699 619687914
-929600356 58169944 197744138 373216955
-863740909 -966446807 -278710006 803168552
-989813126 -161901212 -737378712 483232178
234002155 -745840800 371855419 101579715
236192546 -761936372 389669281 -17160555
-796640635 -693485794 -606321435 907825774
-10904640 -603718208 310091104 723052936
52229877 -153479457 914491609 687962104
108087095 -122413798 149289618 -62761695
-377450048 -871396335 679042812 922759371
-798572694 -82254594 -102723245 421951745
116012852 -219768110 640808491 -82464479
-668868573 411587997 352690797 684415379
-865269992 153981178 72382617 856857110
-884396826 -954719624 -217819113 847166481
-895789311 -776000269 620247674 -256264655
-233887145 -669144479 874531606 68110131
98091688 62944796 337073590 914732646
101336640 -464344993 229780797 704547908
-715361656 27802685 -458933862 499852094
-596537989 -996608577 484544327 -425866643
-619938326 149326982 207773323 555709212
-537854461 -959720887 -254687790 -956325177
23944038 -537166148 523066123 669672162
-145455210 -960835059 16153648 30060793
-871194179 -258617171 517927830 219432121
-532693157 -731245208 318409820 969474403
-414151324 -77469954 549917844 588566508
-872476525 39187002 722819907 645188365
693304631 -76915362 739782078 778203187
-734118661 -681806346 492087292 -227628689
-739346266 38203538 -358006622 559345637
-158636812 741680429 263725872 886532909
-875547222 -443541977 -148875011 391082124
-840075176 -2486287 648690697 343031096
302310564 -642873723 464114246 -614833616
559659303 87043031 901247126 613185988
-346580174 -513392161 762064746 735791059
-564223729 -472313715 914301972 636168893
77257729 -814561167 348505748 -394262857
182520546 -584943499 879462546 -563337306
-793182970 -565910971 -462812380 721122473
-89822547 -762577654 -42052541 46390645
-764510593 -727463043 -368405527 136258356
-781893341 -924416908 902870212 969313200
-980456387 -176940836 23688811 322008074
541964814 -848998752 857624228 5187776
150142225 -279004513 250725140 -9101954
-975825248 -607825513 -929923138 -331895858
-454252017 88254242 666884789 756789260
-170456915 -619993922 -148887211 -238242180
-661477279 290540284 -321032974 620743097
516994629 -471358355 871238665 545707206
140407284 -105258605 498783447 530570597
-854309198 -906372980 985617320 -231507771
-105644631 -679053631 -84381688 292718889
-783465633 -707086222 553972466 279269585
734190394 67517457 842413652 803095441
-74783907 706282742 341420071 909320556
-363596334 -420514752 295346093 813662226
-518123017 -464730613 -454008908 884394320
-846200407 -72498316 910578792 683286860
-446591649 -689369030 104960620 -39970604
900455468 915247012 905719105 940913541
-977555759 -246845577 -885748921 881523084
-807221838 -563466510 288160562 751547686
556416232 -368893810 630584856 161088983
122599023 -545535104 219974534 598586622
226469922 -755540970 722340009 941449311
112048208 563081937 389534032 736169344
-486458288 -923443050 412597622 -309160026
-470930511 52569166 587860669 579474925
439178373 -697112196 636040896 -668939918
-402305780 -746188190 -229481537 -438261641
-582763917 -279061346 -487301441 378385658
-166955118 -517503067 650575497 500511893
-921052603 -406206907 -357065425 823699343
-899007190 -690535391 -614029688 230717572
-422719759 516998779 -339792835 896434646
-921081263 -697730515 215526595 -323163334
545054844 -650028716 620697862 736835717
-839822406 -512758934 -362640218 991768337
120465507 -889337873 543591863 -821798475
351827473 -726374383 891550345 -726258478
-222510231 -407706728 128210515 809120353
-727416388 -301502919 -359671445 457990085
99045120 -992256068 487793258 291202921
-637288716 -424786385 -569338487 866443945
140974736 -592915572 543941457 -367701829
-727182537 -929994123 -272346038 336321962
-119270324 -606864657 649470579 54992338
411094689 401309167 543657367 884181705
-991614620 -485395335 -980960392 588749406
-952968283 -271926189 213576720 566529140
400904173 361373793 644875540 420164555
-846929546 -982069355 -545571721 -233837027
-812091752 -152979043 409859393 526071012
-258196973 -532947533 761835723 108917186
-960451714 -609896273 -482124020 -200728219
489876885 -498391956 759873445 -67298135
-775507223 -911110127 880915700 141620016
-493601712 200457676 295776158 545813399
-519207954 -149056898 17081087 869669488
-128776327 -86377974 127928896 20206216
-258953298 -987604317 205214935 992187628
10726607 -551235312 951574993 -126894184
-791004080 -766919142 -332508649 48819025
-955110071 -330403690 658986704 959022508
-474709698 -475882120 205702463 818985939
173758758 19372677 777640569 759445488
-735055667 443834518 -79975614 583850455