100 9998
891 928
956 895
903 914
919 917
935 956
923 924
874 869
905 900
932 880
918 917
911 910
931 960
916 934
866 888
972 958
900 969
960 928
874 905
899 878
938 962
904 911
901 935
883 910
869 919
889 910
923 892
913 888
869 979
917 977
955 960
938 913
967 869
970 926
962 950
959 920
973 977
896 980
878 914
953 965
924 901
967 880
929 923
900 890
960 966
911 924
951 906
871 912
960 889
921 931
915 923
961 910
890 972
891 936
960 889
948 880
871 903
912 960
872 947
999 883
909 927
948 907
945 903
900 986
908 922
920 948
909 894
953 948
872 967
892 957
930 960
993 921
873 922
988 917
931 874
945 909
862 952
907 959
879 898
906 988
940 943
944 962
954 960
958 904
870 963
916 907
931 899
927 923
861 921
928 908
898 965
969 901
882 855
861 927
911 903
917 914
898 941
987 922
908 976
950 904
980 900