100 3000
86 125
4 4
25 25
97 96
24 12
40 56
20 14
73 54
22 13
1 1
5 7
70 48
8 10
1 1
29 39
35 35
63 75
30 21
1 1
86 123
64 95
7 6
34 24
47 28
54 68
69 44
61 30
55 79
4 3
96 65
75 58
5 3
38 31
47 44
63 73
15 7
24 28
72 54
20 22
44 26
29 39
93 135
22 15
97 83
50 62
34 46
67 62
85 106
51 38
39 31
54 73
49 54
85 124
45 54
91 99
64 43
7 7
83 64
51 62
26 36
79 48
67 62
88 79
21 13
66 79
99 68
64 33
61 89
2 2
87 123
14 14
15 16
81 46
3 4
50 39
22 24
92 61
45 53
95 94
95 62
36 51
24 12
27 20
38 28
4 3
5 4
61 68
35 28
75 95
93 79
13 17
76 91
72 56
66 63
40 35
92 87
71 41
55 72
61 84
43 40